1444235499 1470
1444303652 1506
1444303667 1615
1444649940 4165
1445124496 4372
1445135701 4403
1445137084 4435
1445195956 4568
1445214475 4566
1445220649 4570
1445245674 4511
1445251098 5491
1452048759 4520
1452143891 34352
1452481074 34995
1452896651 41937
1452905483 41976
1452961790 41886
1453822316 40577
1453869163 40876
1453874186 40883
1453897655 73021
1453903540 73042
1453904615 72663
1453927962 35288
1453928020 34614
1453954389 35067
1454002799 34057
1454002951 34056
1454044525 34241
1454048004 34291
1454064826 34387
1454085567 37402
1454370719 40329
1454378135 39302
1455760090 39234
1455880077 39413
1456107555 39417
1456233901 39522
1456483586 39569
1456869832 39988
1456877789 40226
1456947327 40334
1457087962 40419
1457510037 40239
1457512417 40262
1457533932 40214
1458089136 39478
1458142327 39586
1458161277 39583
1458209770 39536
1458235180 40927
1459456114 40438
1460138109 40592
1460317633 40705
1460409224 41873
1460696513 40453
1460817989 40338
1460954344 41085
1460959814 41370
1460963705 41364
1460973845 41550
1460977334 41563
1462908238 41582
1462962335 42677
1462962943 42843
1462963007 42850
1462963112 42851
1463022333 42752
1463085895 42743
1463176604 42676
1463195716 42863
1463195737 42863
1463197604 42900
1463199069 42957
1463201125 42963
